3 0
10 6
11 0
12 6
5 0
14 0
1 0
16 0
2 1
15 0
18 5
23 16
19 7
22 6
21 11
8 0
30 14
26 9
31 14
27 8
34 0
28 0
7 0
9 0
35 9
33 0
37 0
6 0
38 0
24 0
41 0
39 28
43 34
40 28
50 0
44 33
52 3
45 34
51 0
53 0
36 0
48 6
54 37
55 51
47 0
57 50
56 0
58 0
65 24
61 0
62 37
63 41
66 0
59 8
67 0
60 41
71 66
68 36
69 0
74 38
75 66
76 0
73 58
64 53
72 0
70 51
78 36
79 16
77 5
80 0
81 76
82 0
84 80
83 0
85 69
88 82
90 86
92 80
91 6
86 0
93 0
87 76
100 0
99 0
101 67
89 50
104 99
103 83
95 0
107 96
109 108
98 72679
106 95
110 108
94 0
96 0
108 0
105 99
