1633 1598
505 427
1802 374
1991 2271
2443 2368
2424 2271
2473 974
2408 2582
2628 2392
454 320
1318 307
3189 1385
2335 629
669 656
2335 628
3426 2522
3377 3348
3913 1277
3949 1277
3949 3934
4097 4098
154 80
1895 69
3929 4000
3982 2596
1672 1237
4360 1974
3856 2631
3450 2672
1751 765
4362 3673
1571 1557
4263 4266
4530 4408
631 868
3394 3348
4719 1743
1863 1175
4762 4765
4769 4628
4717 2194
426 427
5082 5138
5209 5203
5145 906
5230 3
5270 723
5138 5082
5283 897
5138 4662
5328 2301
5342 41
5490 4983
2659 1637
5506 5433
5530 5490
5435 96
5636 4502
5459 5567
5482 5484
5575 4942
5702 5121
5623 5257
5623 5178
5726 2194
5826 2194
5440 974
5440 3503
5855 5829
5720 5435
5865 5790
5876 131
5363 3359
6021 1400
5932 5304
5470 4983
6217 4314
6193 1874
6439 5853
6317 427
6339 4983
6584 5811
6595 6558
5551 4119
6309 1836
6490 247
6897 1148
6906 5018
6819 529
6948 6800
7027 3378
7013 5938
6928 6842
5522 131
5416 4983
5985 4942
7054 6698
5444 2045
