2 0
10 0
3 258
11 21
14 31
12 0
15 0
18 0
19 0
16 79
21 0
23 0
22 0
26 0
1 2
27 0
24 65
6 12
30 0
31 0
28 39
33 44
8 240
9 35
34 45
35 0
7 3764
5 0
38 0
43 0
41 63
36 68
44 0
37 62
40 0
47 1454
39 0
50 89
45 0
54 0
48 0
52 0
57 0
55 0
58 73
60 0
61 528
56 302
53 64
51 55
65 0
64 0
59 0
66 75
70 0
69 85
71 0
73 0
62 0
68 0
67 126
63 0
74 0
76 129
79 0
80 84
81 0
82 88
72 76791
83 103
77 0
87 0
75 0
84 0
86 0
78 0
90 0
92 0
93 593
88 0
91 0
94 0
89 0
96 153
85 0
98 0
103 0
100 137
101 0
105 0
106 0
109 0
104 0
99 105
95 106
108 114
107 0
110 0
